Redshift alpha error sist
0.85118 -3.4e-06 1.284e-05 0. 
0.72913 4.1e-07 1.297e-05 0. 
1.0479 -2.02e-06 2.199e-05 0. 
1.3246 7.03e-06 8.04e-06 0
1.3428 -1.29e-05 9.49e-06 0
0.63308 4.282e-05 4.088e-05 0
1.1743 -3.033e-05 1.093e-05 0
1.2294 -1.472e-05 8.18e-06 0
1.2324 9.81e-06 2.757e-05 0
0.85929 5.78e-06 1.205e-05 0
1.1534 -7.43e-06 1.787e-05 0
0.91059 -3.91e-06 6.09e-06 0
0.55339 -1.837e-05 1.716e-05 0
0.92741 -2.18e-06 1.39e-05 0
1.3196 -7.25e-06 7.61e-06 0
1.5541 -1.87e-05 8.78e-06 0
0.66802 7.5e-07 1.475e-05 0
1.7954 -1.295e-05 1.05e-05 0
0.77292 2.228e-05 1.179e-05 0
0.85452 -2.1e-07 1.27e-05 0
0.51934 -3.365e-05 3.256e-05 0
0.93426 1.877e-05 1.796e-05 0
0.66004 4.44e-06 1.505e-05 0
0.84324 1.02e-06 8.46e-06 0
0.90301 -9.99e-06 1.783e-05 0
1.1726 -3.204e-05 1.546e-05 0
0.9901 1.156e-05 2.399e-05 0
3.4388 9.37e-06 3.912e-05 0
2.3095 -3.949e-05 1.37e-05 1.743e-05
2.1408 -5.418e-05 2.16e-05 1.743e-05
1.4761 -6.58e-06 1.216e-05 0
1.955 1.992e-05 1.048e-05 1.743e-05
2.324 1.7e-07 1.64e-05 0
2.4563 -5.853e-05 2.597e-05 0
2.4628 5.76e-06 1.729e-05 1.743e-05
3.0247 -2.835e-05 3.422e-05 0
2.3742 2.265e-05 3.827e-05 1.743e-05
2.4761 -4.664e-05 1.973e-05 1.743e-05
1.999 5.498e-05 3.178e-05 1.743e-05
2.6253 -7.51e-06 1.388e-05 1.743e-05
2.6253 -5.91e-06 1.773e-05 1.743e-05
0.94841 -3.664e-05 1.857e-05 0
1.0172 -3.18e-06 7.34e-06 0
1.9204 1.399e-05 7.03e-06 1.743e-05
1.8585 -5.48e-05 1.174e-05 1.743e-05
1.864 -1.012e-05 4.92e-06 1.743e-05
2.0653 -2.614e-05 1.017e-05 1.743e-05
2.2794 1.366e-05 4.161e-05 0
2.0951 3.4e-07 7.27e-06 1.743e-05
2.1539 3.605e-05 3.954e-05 0
3.2534 -2.494e-05 3.066e-05 1.743e-05
1.6111 -2.489e-05 2.022e-05 0
3.0173 1.226e-05 2.782e-05 1.743e-05
2.4673 6.973e-05 4.395e-05 0
2.6238 2.141e-05 7.358e-05 0
4.1798 1.237e-05 3.933e-05 0
1.9746 2.86e-06 2.326e-05 0
3.6061 -4.2e-06 4.402e-05 0
0.69404 -1.92e-05 3.916e-05 0
0.84142 5.79e-06 8.04e-06 0
1.8918 -4.45e-06 9.03e-06 1.743e-05
2.4653 -1.306e-05 1.656e-05 1.743e-05
2.5577 -2.53e-06 3.503e-05 0
2.4264 -4.879e-05 3.485e-05 0
2.6147 -6.97e-06 3.801e-05 1.743e-05
1.4342 -1.253e-05 1.167e-05 0
3.3897 -7.843e-05 3.548e-05 0
0.59137 -3.105e-05 2.433e-05 0
0.85118 4.75e-06 1.022e-05 0
1.2679 2.057e-05 2.521e-05 0
1.3192 -2.587e-05 2.41e-05 0
1.5337 -1.345e-05 1.156e-05 0
0.61256 3.72e-06 1.191e-05 0
0.72508 -2.634e-05 3.523e-05 0
0.65741 7.123e-05 4.608e-05 0
0.7455 -2.056e-05 7.45e-06 0
3.6663 -5.99e-06 3.503e-05 0
1.768 4.6e-07 1.235e-05 0
1.365 -2.22e-06 5.23e-06 0
2.0994 -8.13e-06 2.621e-05 0
1.0092 -1.93e-06 1.009e-05 0
1.2667 -1.268e-05 1.462e-05 0
0.94398 7.58e-06 2.337e-05 0
2.1406 -8.65e-06 8.67e-06 1.743e-05
2.8114 9.19e-06 8.63e-06 1.743e-05
1.2938 -1.393e-05 6.24e-06 0
1.6112 -1.298e-05 1.727e-05 0
3.0173 8.22e-06 2.196e-05 0
2.6021 -1.629e-05 2.272e-05 0
2.8677 -1.878e-05 3.977e-05 0
1.0981 -3.57e-05 1.22e-05 0
1.1314 5.61e-06 7.89e-06 0
1.2189 -5.21e-06 5.42e-06 0
2.3742 1.411e-05 1.164e-05 1.743e-05
3.2351 8.55e-06 1.824e-05 0
1.0598 -7.51e-06 1.643e-05 0
2.3103 -2.245e-05 6.439e-05 0
1.1117 -5.459e-05 2.508e-05 0
1.4162 -9.04e-06 5.6e-06 0
2.9587 1.861e-05 1.948e-05 1.743e-05
3.3172 2.747e-05 6.067e-05 0
0.80757 1.215e-05 1.221e-05 0
0.86182 -2.024e-05 1.636e-05 0
1.0158 -2.098e-05 9.37e-06 0
2.1053 4.361e-05 3.976e-05 0
1.7549 -1.465e-05 2.178e-05 0
0.92741 -2.8e-06 7.77e-06 0
2.4653 1.654e-05 1.908e-05 0
2.5577 4.19e-06 1.198e-05 0
1.7954 6.48e-06 1.415e-05 0
0.85048 -6.9e-05 7.023e-05 0
2.7504 2.485e-05 4.788e-05 0
0.22909 2.549e-05 5.395e-05 0
2.7955 4.109e-05 9.498e-05 0
2.7698 -6.88e-06 1.866e-05 0
2.8268 3.19e-06 9.29e-06 0
1.2259 2.8e-06 1.433e-05 0
2.4389 -9.39e-06 1.712e-05 0
1.1425 -9.2e-07 6.63e-06 0
1.3422 -8.53e-06 1.169e-05 0
1.8024 -2.001e-05 1.267e-05 0
0.58596 -1.977e-05 4.53e-05 0
2.1102 -1.64e-06 1.168e-05 0
0.9901 -2.202e-05 1.293e-05 0
1.99 -1.562e-05 8.99e-06 1.743e-05
1.7385 -1.94e-06 1.861e-05 0
0.79026 8.8e-07 5.9e-06 0
1.2128 1.326e-05 1.49e-05 0
2.0653 1.717e-05 1.249e-05 1.743e-05
2.6532 -3.31e-05 1.938e-05 1.743e-05
2.548 1.015e-05 6.186e-05 0
2.5548 -1.851e-05 6.572e-05 0
3.1513 -4.111e-05 3.441e-05 0
0.73117 -1.211e-05 9.76e-06 0
1.5899 4.49e-06 1.163e-05 0
2.1711 -9.44e-06 1.204e-05 0
2.43 -1.322e-05 3.79e-06 1.743e-05
1.0465 -7.5e-06 1.514e-05 0
1.1161 5e-08 1.964e-05 0
2.5378 -3.856e-05 2.277e-05 0
